428
144
336
373
224
107
347
132
151
235
204
201
225
134
174
364
803
501
516
720
483
176
310
258
270
161
363
188
231
175
519
770
665
182
226
103
185
204
251
372
120
231
281
261
101
147
136
101
138
213
394
113
217
156
276
295
142
101
162
233
140
109
151
102
193
169
259
192
249
353
167
242
158
140
118
112
135
155
343
101
442
288
381
107
212
122
184
353
244
134
106
211
186
180
173
289
205
198
218
190
175
292
193
220
184
174
169
173
220
250
230
258
219
220
186
211
205
218
271
191
195
219
266
208
186
231
202
200
202
223
214
212
200
274
208
229
229
220
216
207
178
285
211
208
213
196
230
209
255
232
218
229
230
236
189
168
199
235
290
221
216
202
183
217
171
184
198
164
160
178
158
157
170
299
188
176
174
220
208
160
173
429
202
179
211
314
217
198
189
245
205
321
201
227
243
222
254
247
200
218
222
364
205
199
201
191
222
238
233
307
278
286
171
178
188
240
171
189
169
214
174
220
161
348
175
166
178
180
181
199
178
396
242
189
208
198
168
175
190
205
191
205
334
263
317
569
265
252
219
273
296
384
252
356
245
268
290
271
269
225
249
301
332
248
339
204
277
557
288
224
421
176
261
193
184
207
190
185
163
160
191
230
176
201
190
164
169
185
159
171
172
180
172
191
173
166
174
179
183
173
180
210
169
170
337
280
165
187
147
155
189
240
167
255
161
170
165
111
184
177
206
243
162
169
170
228
193
179
201
199
159
232
235
214
210
300
281
243
245
396
313
297
205
271
370
183
205
212
215
197
213
291
228
225
258
278
221
261
297
234
210
185
175
201
184
234
198
190
203
238
184
203
217
222
177
290
202
201
177
263
279
373
206
204
195
213
191
234
178
189
204
257
234
250
221
348
209
237
218
250
276
278
219
305
212
194
241
310
266
230
233
418
225
230
232
190
210
229
443
251
276
261
196
179
211
179
184
535
190
197
226
177
275
175
180
202
260
195
186
209
206
190
178
187
203
185
181
249
200
313
238
217
398
256
257
235
232
202
190
234
254
288
221
261
251
222
279
250
210
230
239
378
258
227
257
532
247
378
428
211
213
289
229
250
186
222
253
215
218
223
227
441
197
240
215
197
222
203
184
205
167
294
215
173
189
174
200
236
258
215
185
203
378
182
156
279
155
203
176
170
291
239
176
228
194
149
168
180
201
172
185
327
243
206
236
279
194
221
207
228
197
202
176
166
200
321
194
195
208
216
346
354
197
321
182
186
200
183
184
191
210
324
337
107
197
177
210
313
326
212
191
203
206
492
207
534
218
176
190
264
198
348
191
339
213
191
236
177
203
182
226
393
283
198
193
199
176
428
229
316
213
185
202
188
170
248
183
214
197
391
268
309
329
384
251
208
251
312
176
221
235
363
333
238
583
226
230
398
237
306
183
550
282
232
517
369
308
284
287
360
259
354
222
360
248
295
251
330
274
257
579
663
251
337
223
219
318
330
244
237
331
253
189
204
271
217
216
197
274
203
454
219
250
212
228
242
232
220
258
249
352
265
253
192
205
194
228
267
219
221