0.507
0.507
0.507
0.507
0.508
0.508
0.508
0.507
0.508
0.507
0.507
0.507
0.507
0.507
0.507
0.507
0.508
0.508
0.508
0.507
0.507
0.508
0.507
0.507
0.507
0.507
0.507
0.505
0.505
0.506
0.5063
0.508
0.5063
0.5072
0.508
0.5078
0.5062
0.5065
0.5072
0.506
0.507
0.5065
0.5059
0.5063
0.5065
0.5069
0.5065
0.5071
0.5058
0.5079
0.5065
0.5073
0.5075
0.5068
0.5059
0.5058
0.5069
0.5065
0.5071
0.5075
0.502
0.502
0.502
0.504
0.505
0.505
0.502
0.501
0.502
0.505
0.506
0.502
0.506
0.502
0.504
0.502
0.502
0.502
0.504
0.502
0.505
0.505
0.502
0.501
0.502
0.501
0.502
0.502
0.503
0.502
0.509
0.508
0.505
0.506
0.507
0.507
0.506
0.506
0.506
0.504
0.506
0.505
0.504
0.506
0.506
0.506
0.506
0.506
0.506
0.504
0.509
0.507
0.506
0.507
0.507
0.506
0.507
0.507
0.507
0.505
0.502
0.502
0.502
0.502
0.504
0.503
0.502
0.504
0.502
0.503
0.502
0.501
0.502
0.501
0.505
0.503
0.501
0.503
0.501
0.501
0.503
0.503
0.501
0.502
0.502
0.502
0.501
0.502
0.502
0.503
0.503
0.505
0.503
0.504
0.503
0.504
0.505
0.504
0.504
0.503
0.5082
0.507
0.5081
0.5075
0.5082
0.5082
0.5069
0.5077
0.508
0.5081
0.5073
0.5071
0.5082
0.5082
0.5076
0.508
0.5079
0.5077
0.5082
0.5081
0.5081
0.5077
0.5082
0.5076
0.5073
0.5081
0.5081
0.5076
0.5082
0.5077
0.5081
0.5079
0.508
0.5075
0.5073
0.5077
0.5079
0.5076
0.5082
0.5082
0.505
0.5
0.505
0.505
0.502
0.504
0.501
0.502
0.505
0.503
0.502
0.502
0.503
0.501
0.502
0.501
0.503
0.504
0.502
0.505
0.503
0.505
0.502
0.502
0.504
0.501
0.502
0.503
0.502
0.503