Material
Specimen
Width,w (mm)
Thickness, t (mm)
Depth, a (mm)
Failure Load, P (N)


AL 7075
0
31.69
1.61
0
29183.9548


AL 7075
1
31.69
1.61
3.27
14038.243


AL 7075
2
31.59
1.58
6.03
17233.314


AL 7075
3
31.75
1.59
9.28
13316.983


AL 6061
0
31.77
1.39
0
13689.693


AL 6061
1
31.77
1.39
10.06
10656


AL 6061
2
31.56
1.52
3.32
13830


AL 6061
3
31.80
1.66
4.30
13128


ST 1011A
0
30.62
1.42
0
17392.16


ST 1011A
1
30.62
1.42
3.89
13066


ST 1011A
2
30.63
1.38
7.25
11933


ST 1011A
3
30.59
1.41
4.03
13370


ST 1018
0
31.73
1.52
0
21221.024


ST 1018
1
31.73
1.52
0.97
19712.12


ST 1018
2
31.72
1.53
2.58
17296.83


ST 1018
3
31.76
1.58
4.195
16202.09

